2018 10 09 50 9.6
2018 10 09 50 10.0
2018 10 09 50 12.4
2018 10 09 50 12.0
2018 10 09 50 12.8
2018 10 09 50 12.7
2018 10 09 50 13.5
2018 10 09 50 12.6
2018 10 09 50 13.1
2018 10 09 50 12.7
2018 10 09 50 13.3
2018 10 09 50 12.8
2018 10 09 50 13.6
2018 10 09 50 13.7
2018 10 09 50 13.4
2018 10 09 50 13.6
2018 10 09 50 13.5
2018 10 09 50 13.9
2018 10 09 50 14.0
2018 10 09 50 13.5
2018 10 09 50 10.7
2018 10 09 50 13.0
2018 10 09 50 14.1
2018 10 09 50 14.9
2018 10 10 50 13.9
2018 10 10 50 16.2
2018 10 10 50 16.7
2018 10 10 50 15.9
2018 10 10 50 16.8
2018 10 10 50 18.5
2018 10 10 50 19.7
2018 10 10 50 22.7
2018 10 10 50 24.0
